name,long_jump,high_jump,pole_vault,shot_put,javelin,discus,x100m,x110m_hurdle,x400m,x1500m,points,rank,competition
SEBRLE,7.58,2.07,5.02,14.83,63.19,43.75,11.04,14.69,49.81,291.7,8217,1,Decastar
CLAY,7.4,1.86,4.92,14.26,60.15,50.72,10.76,14.05,49.37,301.5,8122,2,Decastar
KARPOV,7.3,2.04,4.92,14.77,50.31,48.95,11.02,14.09,48.37,300.2,8099,3,Decastar
BERNARD,7.23,1.92,5.32,14.25,62.77,40.87,11.02,14.99,48.93,280.1,8067,4,Decastar
YURKOV,7.09,2.1,4.72,15.19,63.44,46.26,11.34,15.31,50.42,276.4,8036,5,Decastar
WARNERS,7.6,1.98,4.92,14.31,51.77,41.1,11.11,14.23,48.68,278.1,8030,6,Decastar
ZSIVOCZKY,7.3,2.01,4.42,13.48,55.37,45.67,11.13,14.17,48.62,268,8004,7,Decastar
MCMULLEN,7.31,2.13,4.42,13.76,56.37,44.41,10.83,14.38,49.91,285.1,7995,8,Decastar
MARTINEAU,6.81,1.95,4.92,14.57,52.33,47.6,11.64,14.93,50.14,262.1,7802,9,Decastar
HERNU,7.56,1.86,4.82,14.41,57.19,44.99,11.37,15.06,51.1,285.1,7733,10,Decastar
BARRAS,6.97,1.95,4.72,14.09,55.4,42.1,11.33,14.48,49.48,282,7708,11,Decastar
NOOL,7.27,1.98,4.62,12.68,57.44,37.92,11.33,15.29,49.2,266.6,7651,12,Decastar
BOURGUIGNON,6.8,1.86,5.02,13.46,54.68,40.49,11.36,15.67,51.16,291.7,7313,13,Decastar
SEBRLE,7.84,2.12,5,16.36,70.52,48.72,10.85,14.05,48.36,280.01,8893,1,OlympicG
CLAY,7.96,2.06,4.9,15.23,69.71,50.11,10.44,14.13,49.19,282,8820,2,OlympicG
KARPOV,7.81,2.09,4.6,15.93,55.54,51.65,10.5,13.97,46.81,278.11,8725,3,OlympicG
MACEY,7.47,2.15,4.4,15.73,58.46,48.34,10.89,14.56,48.97,265.42,8414,4,OlympicG
WARNERS,7.74,1.97,4.9,14.48,55.39,43.73,10.62,14.01,47.97,278.05,8343,5,OlympicG
ZSIVOCZKY,7.14,2.12,4.7,15.31,63.45,45.62,10.91,14.95,49.4,269.54,8287,6,OlympicG
HERNU,7.19,2.03,4.8,14.65,57.76,44.72,10.97,14.25,48.73,264.35,8237,7,OlympicG
NOOL,7.53,1.88,5.4,14.26,61.33,42.05,10.8,14.8,48.81,276.33,8235,8,OlympicG
BERNARD,7.48,2.12,4.4,14.8,55.27,44.75,10.69,14.17,49.13,276.31,8225,9,OlympicG
SCHWARZL,7.49,1.94,5.1,14.01,56.32,42.43,10.98,14.25,49.76,273.56,8102,10,OlympicG
POGORELOV,7.31,2.06,5,15.1,53.45,44.6,10.95,14.21,50.79,287.63,8084,11,OlympicG
SCHOENBECK,7.3,1.88,5,14.77,60.89,44.41,10.9,14.34,50.3,278.82,8077,12,OlympicG
BARRAS,6.99,1.94,4.6,14.91,64.55,44.83,11.14,14.37,49.41,267.09,8067,13,OlympicG
SMITH,6.81,1.91,4.2,15.24,61.52,49.02,10.85,14.01,49.27,272.74,8023,14,OlympicG
AVERYANOV,7.34,1.94,4.8,14.44,54.51,39.88,10.55,14.39,49.72,271.02,8021,15,OlympicG
OJANIEMI,7.5,1.94,4.6,14.97,59.26,40.35,10.68,15.01,49.12,275.71,8006,16,OlympicG
SMIRNOV,7.07,1.94,4.7,13.88,60.88,42.47,10.89,14.77,49.11,263.31,7993,17,OlympicG
QI,7.34,1.97,4.5,13.55,60.79,45.13,11.06,14.78,49.65,272.63,7934,18,OlympicG
DREWS,7.38,1.88,5,13.07,51.53,40.11,10.87,14.01,48.51,274.21,7926,19,OlympicG
PARKHOMENKO,6.61,2.03,4.8,15.69,65.82,41.9,11.14,14.88,51.04,277.94,7918,20,OlympicG
TEREK,6.94,1.94,5.3,15.15,50.62,45.62,10.92,15.12,49.56,290.36,7893,21,OlympicG
GOMEZ,7.26,1.85,4.4,14.57,60.71,40.95,11.08,14.41,48.61,269.7,7865,22,OlympicG
TURI,6.91,2.03,4.8,13.62,59.34,39.83,11.08,14.26,51.67,290.01,7708,23,OlympicG
LORENZO,7.03,1.85,4.5,13.22,58.36,40.22,11.1,15.38,49.34,263.08,7592,24,OlympicG
KARLIVANS,7.26,1.97,4.5,13.3,52.92,43.34,11.33,14.98,50.54,278.67,7583,25,OlympicG
KORKIZOGLOU,7.07,1.94,4.7,14.81,53.05,46.07,10.86,14.96,51.16,317,7573,26,OlympicG
ULDAL,6.99,1.85,4.5,13.53,60,43.01,11.23,15.09,50.95,281.7,7495,27,OlympicG
CASARSA,6.68,1.94,4.4,14.92,58.62,48.66,11.36,15.39,53.2,296.12,7404,28,OlympicG
